sfb1305_7  2015  -0.058030951436
1  M2  1.31404894975  169.922408739  28.9841042
2  S2  0.302202267903  190.364857633  30.0
3  N2  0.27296377398  148.026245387  28.4397297
4  K1  0.355963505969  148.078363498  15.041069
5  M4  0.0710354551931  261.800908987  57.9682083
6  O1  0.165891381524  135.823909212  13.9430351
7  M6  0.0379923099902  48.118002002  86.9523163
8  MK3  0.0250074411542  61.4956022413  44.0251732
9  S4  0.00505028590493  344.99993665  60.0
10  MN4  0.0360133223376  215.703894699  57.4238319
11  NU2  0.0646781066572  143.61715368  28.5125828
12  S6  5.39603308946e-05  321.84724093  90.0
13  MU2  0.0156680478598  291.094780814  27.9682083
14  2N2  0.0279006076218  146.509350812  27.8953552
15  OO1  0.0195925039327  122.334957493  16.139101
16  LAM2  0.0262302763015  147.377368662  29.4556255
17  S1  0.000293516172764  36.0951749379  15.0
18  M1  172220941812.0  14.782175184  14.4966936
19  J1  0.0138387075147  281.833495894  15.5854435
20  MM  1.30621465754e-05  38.5053393483  0.544374704
21  SSA  3.2446592208e-05  359.662127019  0.0821373016
22  SA  1.25242636237e-05  53.3592050628  0.0410685986
23  MSF  1.77563320718e-05  219.791756878  1.01589584
24  MF  3.48895420067e-05  318.597219856  1.09803307
25  RHO  0.00723911949848  350.633792785  13.4715147
26  Q1  0.0360126691999  112.933574633  13.3986607
27  T2  0.00127065018375  317.482231474  29.9589329
28  R2  0.0010964351943  139.707317997  30.0410671
29  2Q1  0.020821176758  183.843992349  12.8542862
30  P1  0.0921251084092  134.664830461  14.958931
31  2SM2  0.00691827283312  354.028848008  31.0158958
32  M3  0.0150227294495  78.9965092962  43.4761581
33  L2  199284471341.0  50.6001349217  29.5284786
34  2MK3  0.0819494289466  8.01639273374  42.9271393
35  K2  0.108093750086  167.203629432  30.0821381
36  M8  0.00499214215308  219.520830922  115.936417
37  MS4  0.0329922914793  293.226731225  58.9841042
