sfb1332_15  2015  -0.0720059988433
1  M2  1.08221017614  287.906340392  28.9841042
2  S2  0.169165166398  306.740015981  30.0
3  N2  0.198076612641  248.528472906  28.4397297
4  K1  0.365797981035  239.354028584  15.041069
5  M4  0.0199991683934  269.943610164  57.9682083
6  O1  0.226076800153  224.095754533  13.9430351
7  M6  0.0420073548767  352.567076103  86.9523163
8  MK3  0.103921318164  213.506957773  44.0251732
9  S4  0.00500424538477  221.304102772  60.0
10  MN4  0.0079890166544  339.356845874  57.4238319
11  NU2  0.000457778854512  0.283861066855  28.5125828
12  S6  0.00299761445596  166.137654933  90.0
13  MU2  0.000355129371309  229.089830889  27.9682083
14  2N2  0.0563801348859  350.383439474  27.8953552
15  OO1  0.0453032952508  11.5735243373  16.139101
16  LAM2  0.000344181445945  180.73432397  29.4556255
17  S1  0.000140434547539  165.97891176  15.0
18  M1  0.0312339391809  96.811941856  14.4966936
19  J1  0.0121091789586  272.699974068  15.5854435
20  MM  2.61115831437e-05  293.026532895  0.544374704
21  SSA  2.62599033831e-05  351.814076861  0.0821373016
22  SA  2.43886454812e-05  171.232741739  0.0410685986
23  MSF  1.6877442968e-05  64.9286189131  1.01589584
24  MF  4.67307302347e-05  130.170917658  1.09803307
25  RHO  0.000619865189026  131.589850837  13.4715147
26  Q1  0.0289409536451  199.487055982  13.3986607
27  T2  0.00021822564955  257.463068623  29.9589329
28  R2  0.00021291349402  80.6839529828  30.0410671
29  2Q1  0.0260473552604  233.783422849  12.8542862
30  P1  0.0959931583363  225.014932248  14.958931
31  2SM2  0.0240485670157  137.361386739  31.0158958
32  M3  0.0430591474179  255.901689892  43.4761581
33  L2  0.0767357264954  336.910612926  29.5284786
34  2MK3  0.130030967194  162.3780394  42.9271393
35  K2  0.0975398705597  280.258400028  30.0821381
36  M8  0.00400706893835  26.3228382704  115.936417
37  MS4  0.013003920817  192.361766379  58.9841042
