sfb1210_13  2015  0.14201756456
1  M2  1.06032420029  137.607564401  28.9841042
2  S2  0.174036384665  148.918813371  30.0
3  N2  0.221016711405  101.435449547  28.4397297
4  K1  0.231311200898  107.021283769  15.041069
5  M4  0.0640083221566  297.270453786  57.9682083
6  O1  0.129611514827  63.6428414592  13.9430351
7  M6  0.0459938477896  16.4521236678  86.9523163
8  MK3  0.0699600662395  15.8318261084  44.0251732
9  S4  0.0200095922209  156.444134994  60.0
10  MN4  0.0119893355824  235.933822473  57.4238319
11  NU2  0.000397305791286  192.037549822  28.5125828
12  S6  0.00500897405878  295.829728901  90.0
13  MU2  0.000278211319112  52.6430181545  27.9682083
14  2N2  0.0852831417388  169.583570784  27.8953552
15  OO1  0.0655945246702  116.199205365  16.139101
16  LAM2  0.000337767062838  14.4476319501  29.4556255
17  S1  0.000340773725412  267.848435668  15.0
18  M1  0.0570586711849  196.114787472  14.4966936
19  J1  0.0118351761549  148.405012909  15.5854435
20  MM  1.67000429547e-05  328.824288786  0.544374704
21  SSA  4.711049983e-06  341.089880509  0.0821373016
22  SA  5.72922660767e-06  250.411784241  0.0410685986
23  MSF  6.5513100719e-05  139.038113069  1.01589584
24  MF  9.59041135174e-05  307.814098913  1.09803307
25  RHO  0.000525400531817  333.215850949  13.4715147
26  Q1  0.0140895642339  45.3384409276  13.3986607
27  T2  0.000250898704286  72.3332079125  29.9589329
28  R2  0.000219541213244  241.076256502  30.0410671
29  2Q1  0.0220038733356  85.8403595242  12.8542862
30  P1  0.126190648735  142.786056691  14.958931
31  2SM2  0.00591209649119  112.273756706  31.0158958
32  M3  0.0161244429615  358.007654299  43.4761581
33  L2  0.0801594051018  153.533240184  29.5284786
34  2MK3  0.135015994096  327.266813244  42.9271393
35  K2  0.122504526325  108.387382355  30.0821381
36  M8  0.0310009687267  124.097917889  115.936417
37  MS4  0.0740263310901  294.112545205  58.9841042
