sfb1301_12  2015  -3.56471879929e-05
1  M2  1.23354208924  164.626766726  28.9841042
2  S2  0.260164190603  189.422164182  30.0
3  N2  0.267660240647  141.534533042  28.4397297
4  K1  0.26803447408  167.813643313  15.041069
5  M4  0.134970377112  28.3851881477  57.9682083
6  O1  0.135727732034  182.118085189  13.9430351
7  M6  0.0379840333508  54.835563  86.9523163
8  MK3  0.246922376063  35.0351638044  44.0251732
9  S4  0.00616410147703  115.556332131  60.0
10  MN4  0.0720359327396  22.9455816436  57.4238319
11  NU2  0.00143402140448  245.857821804  28.5125828
12  S6  0.00486947626458  192.247779544  90.0
13  MU2  0.000497436476637  72.5180217197  27.9682083
14  2N2  0.0100294838053  318.296549093  27.8953552
15  OO1  0.0316755763969  157.80514654  16.139101
16  LAM2  0.00900311724271  131.911151853  29.4556255
17  S1  6.4819679894e-05  27.919226948  15.0
18  M1  532873407527.0  14.782175184  14.4966936
19  J1  0.00992209789203  266.63965853  15.5854435
20  MM  2.15581181867e-05  344.043995324  0.544374704
21  SSA  0.000115061682184  5.57220891937  0.0821373016
22  SA  8.83470227664e-05  353.915758876  0.0410685986
23  MSF  7.32074308721e-05  286.514720654  1.01589584
24  MF  1.46664977904e-05  279.79259361  1.09803307
25  RHO  0.000201182155056  8.9315272727  13.4715147
26  Q1  0.0332886481394  181.020723194  13.3986607
27  T2  0.00215765894465  297.721458229  29.9589329
28  R2  0.00189970192907  118.166611362  30.0410671
29  2Q1  0.0169155926997  134.647702647  12.8542862
30  P1  0.0830261733687  152.438669732  14.958931
31  2SM2  0.00550905253935  60.0483070929  31.0158958
32  M3  0.00985673993612  151.039967586  43.4761581
33  L2  616611395767.0  50.6001349217  29.5284786
34  2MK3  0.213892842549  10.8123039383  42.9271393
35  K2  0.0965219201351  191.0941534  30.0821381
36  M8  0.00399302153483  180.846773055  115.936417
37  MS4  0.0589350466738  80.9610793885  58.9841042
