sfb1203_18  2015  0.15997039268
1  M2  1.95558116326  158.032984009  28.9841042
2  S2  0.415976192251  169.666878083  30.0
3  N2  0.416660301479  123.110510267  28.4397297
4  K1  0.591592791026  158.595943835  15.041069
5  M4  0.175028795139  352.895319744  57.9682083
6  O1  0.294492548579  147.979073487  13.9430351
7  M6  0.0450098921125  33.4782254228  86.9523163
8  MK3  0.171901503326  356.487561992  44.0251732
9  S4  0.010974433212  346.613221095  60.0
10  MN4  0.0630462073626  313.184036247  57.4238319
11  NU2  0.00154032885848  262.261122393  28.5125828
12  S6  0.0079880519229  9.2353882334  90.0
13  MU2  0.000672452300789  87.787154868  27.9682083
14  2N2  0.0109910223458  57.2461828384  27.8953552
15  OO1  0.0432051222714  214.508785469  16.139101
16  LAM2  0.0104692604111  148.157648069  29.4556255
17  S1  0.000623895460247  70.8124561879  15.0
18  M1  41353186043.2  194.782175184  14.4966936
19  J1  0.0446392811843  201.526416308  15.5854435
20  MM  5.9315284883e-05  314.895981821  0.544374704
21  SSA  7.12261334179e-05  27.1854270986  0.0821373016
22  SA  3.09889775746e-05  100.981333237  0.0410685986
23  MSF  3.50768433752e-05  152.954982749  1.01589584
24  MF  3.53335384587e-05  43.1808499854  1.09803307
25  RHO  0.000176198032199  30.57974214  13.4715147
26  Q1  0.0738254586612  139.42670708  13.3986607
27  T2  0.00259915840783  316.888410959  29.9589329
28  R2  0.00217627201921  139.709224937  30.0410671
29  2Q1  0.0111148284669  62.9163321129  12.8542862
30  P1  0.19333633993  177.306415866  14.958931
31  2SM2  0.00280261529689  358.367061144  31.0158958
32  M3  0.00689913861068  98.5899930536  43.4761581
33  L2  47851601159.5  230.600134922  29.5284786
34  2MK3  0.12289071532  2.29476169623  42.9271393
35  K2  0.106513242236  165.709690379  30.0821381
36  M8  0.0259998368597  152.403448729  115.936417
37  MS4  0.0520465275039  17.3041390015  58.9841042
